   1.0  413.0   76.0
   2.0  414.0   76.0
   3.0  415.0   76.0
   4.0  415.0   77.0
   5.0  417.0   77.0
   6.0  415.0   78.0
   7.0  417.0   78.0
   8.0  415.0   79.0
   9.0  416.0   79.0
  10.0  423.0   71.0
  11.0  423.0   72.0
  12.0  424.0   72.0
  13.0  425.0   72.0
  14.0  426.0   73.0
  15.0  424.0   74.0
  16.0  425.0   74.0
  17.0  426.0   74.0
  18.0  424.0   75.0
  19.0  424.0   76.0
  20.0  422.0   77.0
  21.0  423.0   77.0
  22.0  424.0   77.0
  23.0  420.0   57.0
  24.0  420.0   58.0
  25.0  421.0   58.0
  26.0  421.0   59.0
  27.0  422.0   59.0
  28.0  422.0   60.0
  29.0  422.0   61.0
  30.0  420.0   35.0
  31.0  419.0   36.0
  32.0  420.0   36.0
  33.0  418.0   37.0
  34.0  419.0   37.0
  35.0  417.0   38.0
  36.0  418.0   38.0
  37.0  417.0   39.0
  38.0  417.0   40.0
  39.0  417.0   41.0
  40.0  418.0   41.0
  41.0  418.0   42.0
  42.0  419.0   42.0
  43.0  417.0   24.0
  44.0  418.0   24.0
  45.0  419.0   24.0
  46.0  420.0   24.0
  47.0  420.0   25.0
  48.0  421.0   25.0
  49.0  422.0   25.0
  50.0  423.0   25.0
  51.0  423.0   26.0
  52.0  423.0   27.0
  53.0  423.0   28.0